797889268678679667
889782777796677966
889782796696677786
889962796686777786
978972778696677867
979962778686777867
979962868678677786
996882796677778686
996882867778677786
996972867778678686
88297278279627
88297279269627
88897278679667
88897279669667
88897296677966
88978279667777
88978279667786
88978286777966
88996277867867
88996277867966
88996278678677
88996286777786
97888277869667
97888278677786
97897278677786
97897278678686
97897296677867
97996277867867
97996277867966
97996278678677
97996278678686
97996279668677
97996286777867
97996286867966
99688277778686
99688278677786
99688279667786
99688286777786
99688286777966
99697277867867
99697277868677
99697278678677
99697278678686
99697279668677
99697286777966
99697286867777
99697286867867
99697897888996
99699689788897
2297222266
2297228279
2677269669
2897222666
2897227779
2897227869
2897228679
6867966778
7777867966
7778677786
7778678686
7778679667
7779669667
7786777867
7786867867
7786867966
7966777786
7966778686
7978899689
8229729227
8289729267
8297226266
8299628277
8626777827
8672677782
8678677786
8679667777
8679667786
8679669667
8686777867
8696677867
8829729627
8829969928
8889788897
8889789797
8889968978
8889969968
8897226666
8897827786
8897888978
8897978978
8899627777
8899689788
8899689797
9722226622
9722827922
9728226626
9728827827
9728827926
9729727827
9729727926
9782226662
9782827962
9788226666
9788286796
9788827966
9788829667
9788889968
9789727966
9789728686
9789788897
9789788996
9789969968
9797226666
9797827786
9797827966
9797888978
9797889968
9962226662
9962286792
9962827782
9968226666
9968286778
9968286796
9968827786
9968888996
9968978888
9968978996
9968979788
9969788897
9969788996
9969968888
9969968897
9969969788
222297
222897
222972
222978
222996
228297
228897
228972
228978
228996
229728
229782
229788
229797
229962
229968
262677
267267
267777
267786
267867
267966
268677
269667
282297
282897
282972
282978
282996
288297
288897
288972
288978
288996
289728
289782
289788
289797
289962
289968
622299
622899
626772
626778
626796
628299
628899
629799
662679
667269
667779
667869
668679
669669
682299
682899
686772
686778
688299
688899
689799
772626
772677
772686
777267
777726
778626
779667
796626
796686
797229
797289
797829
799629
799689
822297
822897
822978
822996
828297
828897
828978
828996
829728
829782
829788
829797
829968
867726
867777
867786
882297
882897
882978
888297
888897
889728
972228
972288
972297
972828
972888
972897
972978
972996
978228
978288
978297
978897
979728
979968
996288
996297
