88996277779685796688577885
88996277779685867789567867
88996277779685885779668677
97996278679685895686777885
97996278858956867778679685
97996279668677788588579685
97996279668677968588577885
97996279668857788586779685
97996279668857968586777885
97996279669685885786777885
97996289567867788586779685
97996289567867968586777885
97996289567885867778679685
99688277779685885779667885
99688279667777968588577885
99688289567777968578677885
99688289567867788577779685
99697279668677968588577885
99697279668857788586779685
7778678956788596679685
7778679685895678859667
7778858857796696859667
7778858857968579669667
7778858956786796859667
7778858956966796857867
7778858956968578679667
7778859685786789569667
7778859685796688579667
7778859685885779669667
7778859685895678679667
7779668857788596679685
7779668857966778859685
7779668857968596677885
7779669667788588579685
7779669667788596858857
7779669685885778859667
7779669685885796677885
7779669685966778858857
7796858857788579669667
7796858857796696677885
7966868857788596679685
7966868857966778859685
7966868857968596677885
7968579667788596858956
7968579667895678859685
7968579685966778858956
7968579685966789567885
7969568857778696858677
7969568857788596678686
7969568857788596679685
7969568857966778859685
7969568857968596677885
7969569667788596858857
7969569667968588577885
7969569685885778859667
7969569685966777868857
7969569685966778858857
7969569685966788577786
7978892686885796859667
7978892956786796859667
7978892956885796859667
7978892956966796857867
7978892956966796858857
7978892956968578679667
7978892956968596678857
8857777966788596679685
8857777966966778859685
8857777966968596677885
8857779667788579669685
8857779667788596857966
8857779685796678859667
8857779685796696677885
8857779685966778857966
8857867966966778859685
8857867966968596677885
8858677786796696859667
8858677966867778859685
8858677966968577779667
8858679667788596857966
8858679685796678859667
8858679685966778857966
8858857777966779669685
8858857777968596677966
8858857966968596677786
8858859667778679669685
8858859667796696857777
8858859667796696857786
8858859685777796677966
8858859685796696677786
8859667867867778859685
8859667885966796857867
8859667885968578679667
8859669685777796677885
8859669685966777867867
8897827777966778858956
8897827777966789567885
8899627777895678679685
8899627777895696857867
8899627777968578678956
8899627777968589567867
8899627777968589568677
8899627786796696858857
8899627867867778858956
8899627867867789569685
8899627867895677779685
8899627867895686777786
8899627867895686777885
8899627867895686779685
8899627867895696857777
8899627867895696857786
8899627867895696858677
8899627867968577778956
8899627867968586778956
8899627867968589567777
8899627867968589568677
8899627885796688579685
8899627885796696858857
8899627966867777868857
8899627966867796858857
8899627966885786777885
8899627966885796857777
8899627966885796858677
8899627966968577868857
8899627966968588578677
8899629685777789567867
8899629685778689567867
8899629685786777868956
8899629685786789567777
8899629685786789567786
8899629685796677868857
8899629685796678858857
8899629685796688577885
8899629685867779668857
8899629685867789567867
8899629685885779667777
8899629685885779668677
8899629685885786777966
8899629685895678678677
9788827867895678859667
9789727786895696677867
9789727867788589569667
9789727885895696677867
9789727966788588579667
9789727966788596678857
9789727966885778859667
9789727966885796677885
9799627786796696858857
9799627786895686777867
9799627786895696857867
9799627867968578858956
9799627867968586777885
9799627867968589567885
9799627885786796858956
9799627885796688578686
9799627885796688579685
9799627885796696858857
9799627885867778679685
9799627885885796857966
9799627885895678678677
9799627885895678679685
9799627885895686779685
9799627885895696857867
9799627966867788579685
9799627966885786777885
9799627966885796857885
9799627966968577868857
9799627966968586777885
9799627966968586778857
9799627966968588577786
9799627966968588577885
9799628677788588579685
9799628677968588577885
9799628857778679669685
9799628857788579669685
9799628857788586779685
9799628857868679667885
9799628857968579667885
9799628857968586777885
9799628956786796857885
9799628956788578679685
9799628956788586779685
9799628956867778679685
9799628956968578677786
9799628956968578677885
9799628956968586777867
9799628956968586777885
9799629685885786777885
9799629685895686777885
9968827777885779669685
9968827777968588577885
9968827777968589567867
9968827786885779669685
9968827867788589567777
9968827867968589567777
9968827885885779669685
9968827966777788578686
9968827966777788579685
9968827966788588579685
9968827966968588577786
9968827966968588577885
9968828677885779669685
9968828857788577779685
9968828857788579667777
9968828857796696857786
9968828857796696857885
9968828857867779667885
9968828857867779669685
9968828857968579667777
9968828956777796857885
9968828956786796857777
9968828956786796857885
9968828956788577779685
9968828956788578679685
9968828956867778677786
9968828956867778679685
9968828956968578677786
9968828956968578677885
9969727786786789569685
9969727786885779669685
9969727867867789569685
9969727867895696857786
9969727867895696857885
9969727867968578858956
9969727867968586778956
9969727867968589568677
9969727885786789569685
9969727885786796858956
9969727885796688578686
9969727885885779669685
9969727885885796857966
9969727885895678678677
9969727966867788579685
9969727966885777868677
9969727966885796857885
9969727966885796858677
9969727966968577868857
9969727966968586778857
9969727966968588577786
9969727966968588577885
9969727966968588578677
9969728677786789569685
9969728677786796858956
9969728677968588577966
9969728677968589567867
9969728857867779669685
9969728857968586777966
9969728956777796857867
9969728956786786867777
9969728956786796857777
9969728956786796858677
9969728956867778679685
9969728956968586777867
9969729685778688577966
9969729685786789567786
9969729685786789567885
9969729685788589567867
9969729685796688577786
9969729685796688578686
9969729685885778857966
9969729685895677867867
289722266628552675
289722267526662756
289722267526662855
575667778279625685
575667778279628682
575667796256857782
575685778256677962
686772855675756756
686796857885966778
686796859667788578
688572855675756756
689562757567568556
689562855675756756
777285566756857962
777285566786827962
777285568579625667
777285895256675685
777867778689569685
777867778696858956
777867895678859685
777867895696679685
777867895696859667
777867968589569667
777885786789569667
777885796688579667
777885885779669667
777885885796859667
777885895678679667
777885895696859667
777885966796857867
777885966796858857
777885968578679667
777885968579669667
777885968588579667
777885968589569667
777966788588579685
777966788596858857
777966885777869685
777966885778859685
777966966788579685
777966968588577786
777966968596678857
778857796696858677
778857796696859667
778857968579669667
778956786796858677
778956786796859667
778956966796857867
778956968578679667
778956968586777867
779667788596858857
779685786789569667
779685796696678857
779685885778859667
779685885779667885
779685885779668677
779685895678677885
779685895678857867
779685895678859667
779685895686777867
779685895696677885
779685966778858857
796257566777825685
796257568556677782
796257778256678682
796257868256677782
796677778696858857
796677788588579685
796677788596858857
796677968588577885
796686885778859685
796857778696858677
796857788596678686
796857788596679685
796857895677869685
796857895678859685
796857966778858956
796857968586778956
796857968589568677
796956788596678686
796956788596679685
796956885777868677
796956885777869667
796956885778858677
796956885778859685
796956885796858677
796956966777868857
796956966778858857
796956966788577786
796956968586778857
796956968588577786
796956968588578677
797889268678679667
797889268688579667
797889295678678686
797889295678679667
797889295688579667
797889295696678857
797889295696858857
799689285778858677
799689285778859667
799689285796677885
867267778256675685
867267778289525667
867285566779625757
867285575779625667
867285575779625685
867777885779669685
867777895678679685
867867788589569667
867867788596678956
867867895677779685
867867895677869685
867885885779669667
867885895696677867
867885966778678956
867966777788579685
867966788596678857
867966885777869685
867966966778858857
867966966788579685
867966968596678857
869667786796857885
869667788578679685
869667885796857885
885267778279625685
885267796256857782
885285796256677782
885726667575666855
885777788579669685
885777788596857966
885777796677869685
885777796678859685
885777796686779685
885777796696857786
885777796696858677
885777966779669685
885777968586777966
885777968596677966
885786796678859667
885786796678859685
885786966778857966
885786968579667777
885786968579667885
885786968586777966
885825666675756756
885825675666757566
885825675675756666
885825756667566675
885867778679669667
885867778696857966
885867788579669685
885867788596857966
885867796686777786
885867796686779685
885867796696857786
885867796696858677
885867796696859667
885867867778859685
885867966778857966
885867968579667777
885867968586777966
885867968596677966
885885778696677966
885885786777869667
885885796677779685
885885796677869685
885885796696677786
885885966777867867
885885966796857777
885885966796857867
885885966796857966
885885968578677786
885885968578679667
885885968579667777
885885968579667786
885966777796857867
885966778696857867
885966786796857777
885966786796858677
885966786796859667
885966788578679667
885966867778859685
885966966777867867
885966966778859685
885966968578677786
885966968596677885
888972786796678956
888972885779669667
888972885796677966
888972895678679667
888972966779668857
889722666675756756
889722666685566756
889722666685566855
889722667575666756
889722667575666855
889722667585566756
889722667585566855
889722675666757566
889722675666758556
889722675675756666
889722685566667575
889722685575666675
889722756667566675
889722756667567575
889722757567566675
889722855666756756
889722855667567575
889722855675756756
889728959567968578
889782777789569667
889782777796677966
889782778689569667
889782788589569667
889782796696677786
889782796696677885
889962778679668857
889962778689567867
889962786789567786
889962786789567885
889962788578678956
889962788588577966
889962788589567867
889962796686777885
889962796688577885
889962796696857777
889962796696858677
889962867777868857
889962867777868956
889962867778858956
889962867789569685
889962867796858857
889962867796858956
889962885786777885
889962885796857777
889962885796858677
889962895677779685
889962895686777786
889962895686777885
889962895686779685
889962895696857777
889962895696857786
889962895696858677
889962968577868857
889962968579667777
889962968589567777
889962968589568677
958578677885966796
958578679667788596
978282566756857962
978282796256855667
978822666675756756
978822666675756855
978822666685566855
978822667568556666
978822667568558556
978822667575666855
978822667585566855
978822675666757566
978822675666758556
978822675675756666
978822685566667575
978822685575666675
978822685585566675
978822757567568556
978822757568556666
978822757568556675
978822855666756756
978822855666756855
978822855675756756
978822855675756855
978882786789569667
978882796678859667
978882796688577786
978882796688579667
978972778689567867
978972778696677867
978972778696678857
978972786777868956
978972786778859667
978972788588579667
978972788589567867
978972788596677867
978972788596678857
978972796688577786
978972796688578686
978972895678678686
978972895696677867
978972966778858857
979722666675756756
979722666675756855
979722666685566855
979722667568556666
979722667568558556
979722667575666855
979722667585566855
979722675666757566
979722675666758556
979722675675756666
979722685566667575
979722685575666675
979722685585566675
979722757567568556
979722757568556666
979722757568556675
979722855666756756
979722855666756855
979722855675756756
979722855675756855
979962778679668857
979962778686777867
979962778689567867
979962786786777885
979962786786867885
979962788578678686
979962788586779685
979962788588578677
979962796688577786
979962796688578686
979962796696857885
979962867778679685
979962867788579685
979962868678677786
979962868678677885
979962868678679685
979962868679667885
979962885786777885
979962885786867885
979962885796857885
979962895678677786
979962895686777885
979962895686779685
979962895696857786
979962895696857885
979962968577868857
979962968577868956
979962968578858956
979962968586777885
979962968586778857
979962968588577786
979962968588577885
979962968589567885
996222666285526752
996222675266627562
996222675266628552
996222675285526662
996228556867928592
996282566756857782
996282778256675685
996822666675756756
996822666675756855
996822666685566756
996822666685566855
996822667568556666
996822667568558556
996822667575666756
996822667575666855
996822667585566756
996822667585566855
996822675666757566
996822675666758556
996822675675756666
996822685566667575
996822685575666675
996822685585566675
996822756667566675
996822756667567575
996822757567566675
996822757567568556
996822757568556666
996822757568556675
996822855666756756
996822855666756855
996822855667567575
996822855675756756
996822855675756855
996828677885968578
996828679685788596
996828857867968596
996828859685786778
996828859685786796
996882777788578686
996882777788579685
996882777789569685
996882788588579685
996882788589567777
996882788589567867
996882796677778686
996882796677868857
996882867778677786
996882867778679685
996882867779667885
996882867779669685
996882867788579685
996882867789569685
996882885779667786
996882885779667885
996882885786777885
996882885796857777
996882885796857885
996882895677867867
996882895678677786
996882895686777786
996882895686777885
996882895686779685
996882895696857777
996882895696857786
996882895696857885
996972786786867885
996972786789567786
996972786789567885
996972788578678686
996972788586779685
996972788588578677
996972788589568677
996972796688578677
996972796688578686
996972796696857885
996972867778678686
996972867779669685
996972868677779685
996972868678678956
996972868678679685
996972885779669685
996972885786867777
996972885796857777
996972885796857966
996972895678678677
996972895686779685
996972895696857777
996972895696857867
996972968578678686
996972968588577786
996972968588577966
996972968589567867
22972222662275
22972222752266
26772696692859
26782596692859
26962577792859
26962586792859
28972226662756
28972226752756
28972227562675
28972228552666
28972228552675
28972288592679
57562566627562
57566779628682
57568556677962
57568579628682
57772266627562
57772266628552
57772285526662
57778279625685
57778279628682
57796256857782
57868256677962
59662267528552
59662275626752
59695256857782
59695286827782
68677267568556
68677268558556
68677868958596
68677885968578
68679667788578
68857267568556
68857275666756
68857285566675
68857867968596
68859685786796
68859695686778
68956266756756
68956266758556
68956267566675
68956267567575
68956267568556
68956275666756
68956285566675
77722585526662
77726756855667
77728579625667
77728589525685
77772668556666
77772668557566
77772668558556
77772675666855
77772685566855
77778689569685
77778696857966
77778696858956
77782567567566
77782567568556
77786796859667
77788578679667
77788579669667
77788588579667
77796688578686
77862668556675
77862668557566
77862668558556
77862675666855
77862685566855
77868678678956
77868679668857
77885779668677
77885779669667
77885786867966
77885796858677
77885796859667
77895678678677
77895678678686
77895678679667
77895686777867
77895696859667
77962568556666
77962568557566
77962568558556
77962575666855
77962585566855
77966778858857
77968579668857
77968586777867
77968586778857
77968596678857
79625777825685
79662667568556
79662668556675
79662668558556
79662685566756
79662685566855
79667777868857
79667788578686
79667788579685
79668688577786
79668688578677
79685777868677
79685777869667
79685778858677
79685778859685
79685786778956
79685789569685
79695677869685
79695678858677
79695678859685
79695686778857
79968928578677
82596682779285
82596692858277
82596692859267
82972262756266
82996282779285
82996292858277
86285779269627
86295696277827
86722575626752
86722585526752
86726777825685
86726789525685
86728589525667
86772666756855
86772668557566
86772675756855
86777788579685
86777789569685
86777796858956
86782567566675
86782567567566
86782567567575
86782575666756
86782585566756
86786777868956
86786777869685
86786789569685
86786796858956
86788596677966
86788596678857
86788596678956
86796677779685
86796677869685
86796678858857
86796688577885
86796688579685
86796696858857
86825779625667
86885779667777
86885779668677
86885779669667
86895686777867
86895696677867
86966778858857
86966796857885
86968577778857
86968578677885
86968586777867
86968586778857
88297278279627
88297279269627
88522567526662
88522575626752
88526756857782
88526756857962
88528579627782
88572668556675
88572675666855
88572675756666
88578678859667
88578678859685
88578679667777
88578686777966
88578696677966
88578696857777
88582566756756
88582567567566
88582575666675
88586777869667
88586779669667
88586796677966
88586796857777
88588577869685
88588578679667
88588586777966
88588596857786
88596677867867
88596678679667
88596686777786
88596686779685
88596696857786
88596696858677
88897278678956
88897279668857
88897279669667
88897289569667
88897296678956
88972266667566
88972266756666
88972266756756
88972267567566
88972268556675
88972275666675
88972275666855
88972275667575
88972275756666
88972275756675
88972285566855
88978279667777
88978279667786
88978279667885
88978286777966
88978286778956
88978289567777
88978289568677
88978289569667
88996277867867
88996277868857
88996288577786
88996288577885
88996289567786
88996289567885
95677268556666
95677268558556
95677275666756
95677275666855
95677285566756
95677285566855
95677867968578
95677868958596
95679685786778
95686285566675
95686285566756
95686285566855
95857275666756
95857285566756
95857885966796
95859667786796
95859695686778
95956275666756
95956285566756
97222266227522
97222275226622
97228256277922
97228279225627
97282266267526
97822255556662
97822266625555
97822266627562
97822266628552
97822285526662
97828256677962
97828256857962
97828279625667
97882266667566
97882266756666
97882266756756
97882267567566
97882267568556
97882268556675
97882275666675
97882275666855
97882275667575
97882275756666
97882275756675
97882285566855
97882885786796
97882885969568
97882895686796
97888277869667
97888278677786
97888278859667
97897277868857
97897278678686
97897288578686
97897288579667
97897296677867
97897296678857
97972266667566
97972266756666
97972266756756
97972267567566
97972267568556
97972268556675
97972275666675
97972275666855
97972275667575
97972275756666
97972275756675
97972285566855
97978277868956
97978278858956
97978279667885
97978289567885
97996277867867
97996277868857
97996286867885
99622255556662
99622255556752
99622266625555
99622266627562
99622267527562
99622275626752
99622285526662
99622285526752
99622867928592
99628256677782
99628256857782
99628257578682
99628277825685
99682266667566
99682266756666
99682266756756
99682267567566
99682267568556
99682268556675
99682275666675
99682275666855
99682275667575
99682275756666
99682275756675
99682285566855
99682867788578
99682867968596
99682885786778
99688277778686
99688278677786
99688286777786
99688286777885
99688286779685
99688288577786
99697277868677
99697897888996
99699689788897
2257262275
2257268279
2257269269
2258252266
2258258279
2258259269
2297228279
2672252752
2672255669
2672255759
2677262855
2677268859
2678252756
2678258859
2696252855
2696257869
2696258859
2852252662
2857262675
2857267779
2857267869
2857268679
2857269669
2858252666
2858252675
2858257779
2858257869
2858258679
2858259669
2897227779
2897227869
2897228679
5575626752
5585526662
5585526752
5726227522
5726827922
5756257562
5777227562
5777285568
5777828952
5777885968
5779628682
5786227562
5786228552
5786285568
5786827962
5786885968
5789525667
5966228552
5966827782
5969527782
5969585788
6662558552
6666756855
6667566675
6667567575
6667568556
6668558556
6675666756
6675756756
6675756855
6677796859
6686796859
6696696859
6825727526
6825969528
6855666675
6855667575
6858696679
6862958592
6867788578
6867789595
6868958596
6885966778
6895686778
6895956778
7567566675
7568556666
7568556675
7568558556
7575666756
7585566756
7722575627
7728579627
7729569627
7772256662
7772257562
7772675667
7777867966
7778256666
7778257566
7778258556
7778678686
7778679667
7782575667
7782575685
7786777867
7788578677
7788579667
7796256666
7796678857
7966778686
7968578686
7972895689
7978899689
7996296859
8229729227
8252675285
8257266275
8257779285
8257869285
8258256266
8258679285
8258858277
8258859267
8259669267
8289729267
8297226266
8622577922
8626777827
8629567827
8672256752
8672675685
8677267566
8677268556
8677868956
8677869685
8686777867
8686778857
8689567777
8689567867
8696256855
8696857885
8696858857
8829729627
8829969928
8852256662
8852857782
8857867777
8889788897
8889789797
8889968978
8889969968
8897286895
8897288578
8897289568
8897888978
8897978978
8899689788
8899689797
9525726626
9525727526
9567726666
9567726756
9567788596
9568627566
9568688596
9568958596
9585726666
9585726756
9585966796
9585966868
9595626756
9595686778
9722285528
9722885928
9728227526
9728827827
9728827926
9729727827
9729727926
9782227562
9782285568
9782285595
9782288592
9782885968
9788286796
9788829667
9788889968
9789728686
9789788897
9789788996
9789969968
9797288578
9797289568
9797888978
9797889968
9962285595
9962288592
9962885788
9962885797
9968888996
9968978888
9968978996
9968979788
9969788897
9969788996
9969968888
9969968897
9969969788
222297
222897
222972
222978
222996
225225
225267
225285
225777
225786
225867
225885
225966
228297
228897
228972
228978
228996
229728
229782
229788
229797
229962
229968
262257
262677
262857
262956
267267
267285
267777
267786
267867
267885
267966
268257
268677
268857
268956
269667
269685
282297
282897
282972
282978
282996
285267
285285
285777
285786
285867
285885
285966
288297
288897
288972
288978
288996
289728
289782
289788
289797
289962
289968
552552
552558
556662
556668
556752
556758
557568
558558
572628
572688
572952
572958
577968
578958
595629
595689
596628
596688
622299
622572
622578
622596
622899
625269
625566
625575
625779
625869
626295
626772
626778
626796
626895
628299
628572
628578
628596
628899
629562
629568
629595
629799
662259
662556
662679
662859
667269
667869
668259
668556
668859
682299
682578
682899
685269
685575
685779
688299
688899
689799
752556
756255
756666
756675
772626
772677
772686
797229
797829
822297
822897
822978
822996
825225
825285
828297
828897
828978
828996
829728
829782
829788
829797
829968
882297
882897
882978
888297
888897
952578
952596
956262
956268
956295
972297
972828
972888
972897
972978
972996
978297
978897
979968
996297
