99994277778884966779668974
99994277779964888479667786
99994277868974966778679784
99994277868974978496677867
99994278677786867799649784
99994278677786897497849667
99994278678686777799649784
99994279667777996488847786
99994297847777868699647867
99994297847777888496677966
99994297847777966779668884
99994297847867868699647777
99994297848677778699647867
99994297848677786777869964
99994299647786867778679784
4864777926992446774686
4864779627792649744686
4869727827962748844974
4869727827962749744686
4869727827992446774686
4869727827992446774884
4869727926962748844974
4869727926992446774686
4869727926992446774884
4869729627792648844974
4869729627792649744686
4869729924792646774884
4869729924792648844677
4894474677792699244686
4894474686497496277926
4894474686782799244677
4894474974468678279627
4899424677468678279924
4899424677468699247827
4899424677468699247926
4899424677488479269924
4899424677792699244686
4899424677992478274686
4899424677992479264884
4899424686497478279627
4899424686497496277926
4899424686782796274974
4899424686782799244677
4899424686992478274677
4899424884467779269924
4899424884467799247827
4899424884467799247926
4899424884497478279627
4899424884497496277926
4899424884792696274974
4899424884792699244677
4899424884962779264974
4899424884992478274677
4899424974468678279627
4899424974792696274884
4899424974962779264884
7978292646686477469744
7978292646974468647746
7978477786966788847966
7978477966996488849784
7978478884966797847966
7978478884978479669667
7978479667888497847966
7978479784966788847966
7978479964868697847966
7978479964888497847966
7978892686978478679964
7978892686996497847867
7979467786996497847867
7979467867868699649784
7979467867888496677786
7979467867888496679784
7979467867966788849784
7979467867978496678686
7979467867978496678884
7979467867996477869784
7979467867996486869784
7979467867996488849784
7979468884966797847867
7979468884978478679667
7979468884978478679964
7979469667888497847867
7996477786996497847867
7996477867868699649784
7996477867996488849784
7996478686996497847867
7996478884978478679964
7996892884867778679964
7996892974786788849667
7996892974786796678884
7999447786966788847867
7999447786966788847966
7999447786966797847867
7999447786966797847966
7999447867888496677786
7999447867888496679784
7999447867966788849784
7999447867978496678686
7999447867978496678884
7999448884966797847966
7999448884978479669667
7999449667888497847867
7999449667888497847966
7999449784966786867867
7999449784966788847867
7999449784966788847966
8824774677792699244686
8824774677992446867827
8824774677992446867926
8824774686782749749627
8824774686782799244677
8824774686992446777926
8824774974962746867827
8824774974962746867926
8824777926992446774686
8824779627497446867827
8824779627497446867926
8824779924467746867827
8824779924467746867926
8829724677792648849924
8829724677792699244686
8829724677992446867827
8829724677992446867926
8829724686497478279627
8829724686782746779924
8829724686782749749627
8829724686782796274974
8829724686782799244677
8829724686992446777926
8829724884467779269924
8829724884497478279627
8829724884792646779924
8829724884792649749627
8829724884792696274974
8829724884792699244677
8829724884962749747827
8829724884962749747926
8829724884992446777926
8829724974792648849627
8829724974792696274884
8829724974962746867827
8829724974962746867926
8829724974962748847926
8829727827467748849924
8829727827468649749627
8829727827962748844974
8829727827962749744686
8829727827992446774686
8829727827992446774884
8829727926467748849924
8829727926488446779924
8829727926488449749627
8829727926962748844974
8829727926992446774686
8829727926992446774884
8829729627468649747827
8829729627468649747926
8829729627497446867827
8829729627497446867926
8829729924467746867827
8829729924467746867926
8829729924467748847926
8897226774864677466864
8897226864864667747746
8897226864864697447746
8897227746677466668844
8897227746974466668844
8897228646774668649744
8897228646974477466864
8897228844666697447746
8897228844774667746666
8897228844774697446666
8897228844974466667746
9788226774666688447746
9788227746884466669744
9788229744666688447746
9788229744864668647746
9797226774666688447746
9797227746884466669744
9797229744666688447746
9797229744864668647746
9799627786867778679784
9799627786897478679784
9799627786897479669784
9799627867978489747786
9948426774666688447746
9948426774686486467746
9948427746677466668844
9948427746677468648646
9948427746884467746666
9948428844774667746666
9968226666884477466774
9968226666974477468844
9968226666974488447746
9968226774666688447746
9968226774686486467746
9968226774774668648646
9968226774774688446666
9968226774864677466864
9968226864864667747746
9968226864974486467746
9968227746677466668844
9968227746677468648646
9968227746686497448646
9968227746884466669744
9968227746884467746666
9968228646774668649744
9968228844666697447746
9968228844774667746666
9968229744666677468844
9968229744666688447746
9968229744686486467746
9968229744774668648646
9968229744774688446666
9968229744864668647746
9968229744864677466864
9968229744884466667746
9994477786786788849667
9994478884786777869667
9994479667888478679784
9994479784786788849667
9999427777867799647966
9999427777867799648686
9999427777867799648884
9999427777867799649784
9999427777868699647867
9999427777868699648677
9999427777888496678974
9999427777966779668884
9999427777966788847867
9999427777966788847966
9999427777996486867786
9999427777996488847786
9999427786777799647966
9999427786777799648686
9999427786777799648884
9999427786777799649784
9999427786786788849667
9999427786867778679784
9999427786867799647966
9999427786867799649784
9999427786897478679784
9999427786897496679784
9999427786966778678974
9999427786966779668974
9999427786966789747966
9999427786996486777867
9999427867778689749667
9999427867778696678974
9999427867778699648677
9999427867867799649784
9999427867868699647777
9999427867888477779667
9999427867888477779964
9999427867888477869667
9999427867888477869964
9999427966777786869964
9999427966777789749784
9999427966777799648686
9999427966777799649784
9999427966778689749784
9999427966867777869964
9999427966867799647786
9999427966867799649784
9999427966888477779667
9999427966888477779964
9999427966888477869667
9999427966888477869964
9999427966897488849667
9999427966897496679784
9999427966897497849667
9999427966978477778686
9999427966978477778884
9999428677778699647867
9999428677786777869964
9999428677786786869964
9999428677868699647777
9999428677868699647867
9999428686777799647786
9999428686777799647966
9999428686777799649784
9999428686778699647777
9999428686778699647867
9999428686786777869964
9999428686996477778677
9999428686996478678677
9999428686996486777867
9999428884777796677867
9999428884777796677966
9999428884777799647966
9999428884778696677867
9999428884778696677966
9999428884778699647867
9999428884786777869667
9999428884786777869964
9999428884966778678974
9999428884966779668974
9999428884966789747966
9999428974778696677867
9999428974778696677966
9999428974786777869667
9999428974786788849667
9999428974888496677867
9999428974888496677966
9999428974966778678686
9999428974966778679784
9999428974966779668884
9999428974978496677867
9999428974978496677966
9999429667778678678884
9999429667778689747867
9999429667778689749784
9999429667786789747786
9999429667786789748686
9999429667786789748884
9999429667786789749784
9999429667786797847786
9999429667796688847786
9999429667796689748884
9999429667796689749784
9999429667868678679784
9999429667888478677786
9999429667888478679784
9999429784777796677867
9999429784777796678884
9999429784777799647966
9999429784777799648686
9999429784777799648884
9999429784778696677867
9999429784778696677966
9999429784778699647867
9999429784786777869667
9999429784786777869964
9999429784786788849667
9999429784796677778686
9999429784867799647786
9999429784867799647966
9999429784966778678974
9999429784966779668974
9999429784966789747966
9999429964777786867867
9999429964777788847867
9999429964777788847966
9999429964778678678884
9999429964778678679784
9999429964778686777966
9999429964778686779784
9999429964786786778884
9999429964786786779784
9999429964786786867777
9999429964786788847777
9999429964786788847786
9999429964786797847786
9999429964786797848677
9999429964796686777786
9999429964867778677786
9999429964867778679784
9999429964868678677786
9999429964868678679784
9999429964888479667777
9999429964888479667786
9999429964978486777786
466677488478279924
466677488499247827
466677782749744884
466677782799244884
466677992478274884
466974488479269627
466974488496277827
466974488496277926
466974782748844677
466974792646774884
466974792648844677
466974792696274884
467847488479269627
467847488479269924
467847488496277926
467946488478279924
467946488496277827
467946488499247827
469647488449747827
469647488478274974
469647488478279924
469647488499247827
469647497478274884
469647782799244884
469944488446777827
469944488446777926
469944488479264677
469944488479269627
469944488496277827
469944488496277926
469944792696274884
486477468678279924
486477468699247827
486477468699247926
486477792649744686
486477792699244686
486477962749744686
486477992446774686
486477992478274677
486477992478274686
486477992479264677
486972468678279627
486972468678279924
486972468699247827
486972468699247926
486972488478279627
486972488479269627
486972488479269924
486972488496277926
486972488499247827
486972782746774884
486972782746864974
486972782748844974
486972782749744686
486972782799244686
486972792646774884
486972792648844677
486972792648844974
486972792649744686
486972792696274974
486972792699244686
486972962746864974
486972962748844974
486972962749744686
486972992446774686
486972992446774884
486972992478274677
486972992478274686
489447467799244686
489447467799247827
489447467799247926
489447468649747827
489447468649747926
489447468678274974
489447468699244677
489447468699247827
489447468699247926
489447497446867926
489447497478274686
489447497478279627
489447497479269627
489447497496274686
489447792699244686
489942467746867926
489942467748849924
489942467779264884
489942467799244686
489942468649747926
489942468678274677
489942468678274974
489942468699244677
489942468699247926
489942488478274677
489942488478279627
489942488479264677
489942488479264974
489942488496274974
489942488499244677
489942497446867926
489942497478274686
489942497478279627
489942497479264884
489942497496274686
489942497496274884
489942782796274884
489942782799244686
489942792696274884
489942792699244686
667869284477469744
686772774688449744
686772774697448646
686772864697447746
686772884477469744
686772974477468844
686772974486467746
688479264697447746
689469264697447746
689742774688446774
689742884477466774
772686488496274974
772686488499244677
772686497448849627
772686497496274884
772686992446774884
772686992448844677
777726686486469744
777726884466669744
777786996488847966
777867978499647786
777867978499648686
777867978499648884
777867996486869784
777966888496679784
777966888499647786
777966978499648884
777966996486869784
778686978478679964
778686996486777867
778884966789747867
779724864668647746
779784996486867966
779964868697847867
796626677477468844
796626686477469744
796626774668649744
796626774688446774
796626774688449744
796626974468647746
796686996497848677
796824774667748646
796824774697446666
796824774697448646
796824864667747746
796824974466667746
796884966777868974
796884978486779964
797829264668649744
797829264688449744
797829264697448844
797847778697847966
797847778699648884
797847778699649784
797847796688849784
797847868697847966
797847868699649784
797847888479669667
797847888496677786
797847966788847966
797847966797847966
797847978479669667
797847978496678686
797847996477869784
797847996488847966
797847996497847966
797889268678679667
797889268678679964
797889268699648884
797946778678679964
797946778699648884
797946786777869784
797946786786869784
797946786788849784
797946888478679667
797946888478679964
797946888496677786
797946966788847867
797946966797847867
797946978478679964
797946996488849784
797946996497847867
799647778678679964
799647778689747867
799647778699648884
799647786777868974
799647786799647786
799647786799648686
799647868678679964
799647888478679964
799647978478679964
799647996488849784
799689288478679667
799689288478679964
799689288496678974
799689297486777867
799689297488849667
799944778686777867
799944778686777966
799944778697847867
799944778697847966
799944786777868677
799944786777869784
799944786786869784
799944786788849784
799944786797848677
799944796696677786
799944868678679667
799944868697847867
799944868697847966
799944888479669667
799944888496677786
799944966786867867
799944966788847867
799944966788847966
799944966797847867
799944966797847966
799944978478679667
799944978479669667
799944978486777867
799944978486777966
799944978496677786
862677488449747827
862677488478274974
862677488478279924
862677497478274884
862677782749744884
862677782799244884
862974488446777827
862974488446777926
862974488479264677
862974488479269627
862974782748844677
862974782748849627
862974792646774884
862974792648844677
862974792648849627
862974792696274884
867867778699649784
867867978499647786
867867996477869784
867966777799649784
867966978499647777
867966978499647786
869667786789749784
869667786797848974
869667978489747867
869784777799647867
869784777799647966
869784786799647777
869784786799647786
869784796699647777
869784796699647786
869964786797847786
869964786797848677
869964796686779784
869964796697847777
869964796697847786
869964978478677786
869964978479667777
869964978479667786
869964978486777867
869964978486777966
882477468649747827
882477468649747926
882477468649749627
882477497478274686
882477497478279627
882477497479269627
882477792649744686
882477792649749627
882477792699244686
882477962749747827
882477962749747926
882477992446867827
882477992446867926
882972468649747926
882972468649749627
882972488446779924
882972488449749627
882972488478274677
882972488478279627
882972497478274686
882972497478279627
882972782746779924
882972782746869924
882972782748844974
882972782748849924
882972782749744686
882972782749749627
882972782799244686
882972792646779924
882972792648849627
882972792648849924
882972792649744686
882972792649749627
882972792696274974
882972792699244686
882972962746867827
882972962746867926
882972962748844974
882972962748847926
882972962749747827
882972962749747926
882972992446777926
882972992446867827
882972992446867926
884772677477466864
884772686477469744
884772774667746666
884772774668649744
884772774697446666
884772974466667746
889467778679669784
889467796686777786
889467796686779784
889467796697848974
889467978479667786
889467978486777966
889467978489747867
889722666688446774
889722666688449744
889722666697447746
889722677466668844
889722677477466864
889722677486466864
889722686477469744
889722686486467746
889722774667748646
889722774668649744
889722864667747746
889722864668649744
889722884466667746
889722884467746666
889722974466667746
889722974466668844
889722974477466864
889782777796677966
889782777799647786
889782777799647966
889782796677779964
889782796696677786
889782796699647777
889782796699647786
889782867779669964
889782867799647777
889782867799647966
889782897479669667
889782897496677966
889962778678679784
889962778679669784
889962786786779784
889962786789747786
889962786789749784
889962786797847786
889962786797848677
889962786797848974
889962796686777786
889962796686779784
889962796689747786
889962796689749784
889962796697847777
889962796697847786
889962796697848974
889962978478677786
889962978479667777
889962978479667786
889962978486777966
889962978489747867
972486467748847827
972486488478274677
972486488478274974
972486488479264677
972486488479264974
972486497448847926
972486497478274686
972486497478274884
972486497479264884
972486782746774884
972486782746864974
972486782748844974
972486782749744884
972486792646774884
972486792648844974
972882468678274677
972882468678274974
972882488478274677
972882488478274974
972882488479264677
972882488479264974
972882497446867827
972882497446867926
972882497448847926
972882497478274686
972882497479264884
972882782746864974
972882782749744686
972882782749744884
972882792648844677
972882792648844974
972882792649744686
972882792649744884
972972468649747827
972972468649747926
972972468678274677
972972488446777827
972972488449747827
972972488478274677
972972488479264677
972972488479264974
972972497478274686
972972497478274884
972972497479264884
972972782746774884
972972782746864974
972972782748844677
972972782748844974
972972792646774884
972972792648844677
972972792648844974
972972792649744686
972972792649744884
974772677486466864
974772677488446666
974772686486466774
974772774667746864
974772774667748844
974772774668648646
974772774688446666
974772864667746864
974772864668647746
974862677488447746
978486786777869964
978486966778678974
978486966789747867
978486996478678677
978486996479668677
978822666688447746
978822666697448844
978822677468648646
978822677486466864
978822677488446666
978822677488447746
978822686486466774
978822774667746864
978822774667748844
978822774668648646
978822864667746864
978822864668647746
978822884466669744
978822974468647746
978822974468648646
978822974488446666
978822974488447746
978882778699647867
978882778699647966
978882786777869964
978882966789747867
978882996478678677
978882996479668677
978972778696677867
978972778699647867
978972778699647966
978972786777869964
978972786786869964
978972786788849667
978972786788849964
978972796688849667
978972796688849964
978972868699647867
978972868699647966
978972888496677867
978972888499647867
978972996478678686
978972996478678884
978972996479668884
979722666688447746
979722666697448844
979722677468648646
979722677486466864
979722677488446666
979722677488447746
979722686486466774
979722774667746864
979722774667748844
979722774668648646
979722864667746864
979722864668647746
979722884466669744
979722974468647746
979722974468648646
979722974488446666
979722974488447746
979782778699647966
979782796688849964
979962778678678884
979962778678679784
979962778679668884
979962778679669784
979962778686779784
979962786786778884
979962786786779784
979962786788847786
979962786797847786
979962796686778884
979962796686779784
979962796688847786
979962796689747786
979962796689748686
979962796689748884
979962796697848974
979962867778679784
979962868678677786
979962868678679784
979962868679669784
979962888478677786
979962888478679784
979962888479669784
979962897478677786
979962897478679784
979962897479669784
979962978489747786
994242646477428642
994242646486427742
994242666277428444
994242666284447742
994242774264648642
994242774266628444
994242774284446662
994242774286426464
994242844466627742
994242844477426662
994242864264647742
994242864277426464
994446677477468844
994446677488447746
994446774688446774
994446884477466774
994842666677468844
994842666688447746
994842677477468844
994842677486467746
994842677488447746
994842686486467746
994842774667748646
994842774667748844
994842774668648646
994842774688446666
994842864667746864
994842864667747746
994842864668647746
994842864677466864
994842884466667746
994842884467746666
996222646477428642
996222646486427742
996222666277428444
996222666284447742
996222774264648642
996222774266628444
996222774284446662
996222774286426464
996222844466627742
996222844477426662
996222864264647742
996222864277426464
996426677477466864
996426677477468844
996426677488447746
996426774668649744
996426774688446774
996426884477466774
996426974468647746
996426974477466864
996426974477468844
996426974488447746
996477778678678884
996477786786779784
996477786797848677
996477867778679784
996477867779668884
996477868678679784
996477888478679784
996477978478678686
996477978478678884
996486867778677786
996486867778679784
996822666677468844
996822666688446774
996822677486466864
996822677488446666
996822677488447746
996822686486467746
996822774667748646
996822774667748844
996822774668648646
996822864667746864
996822864667747746
996822864668647746
996822864668649744
996822884466667746
996822884467746666
996822974468647746
996822974488447746
996882796677778686
996882796677778884
996882867778677786
996882867778679784
996882897478677786
996882897478679784
996882897479667786
996972778678678884
996972778678679784
996972778686779784
996972778689749784
996972786786778884
996972786786779784
996972786788847786
996972786789748686
996972786789748884
996972786789749784
996972786797847786
996972786797848677
996972796686778884
996972796686779784
996972796688847786
996972796689748884
996972796689749784
996972796697847786
996972867778678686
996972867778679784
996972867779668884
996972868678679784
996972888478679784
996972897478678686
996972897478678884
996972897478679784
996972978478678686
996972978478678884
999447778686777867
999447778686777966
999447778696677867
999447778696677966
999447786777868677
999447786777869667
999447786786779784
999447786786867777
999447786797848677
999447867778679784
999447867779668884
999447868678679784
999447888478679784
999447888479667777
999447888479667786
999447888496677966
999447966778679784
999447966779668884
999447966788847966
999447978478678686
999447978479667786
999447978486777867
999447978486777966
999447978496677867
999447978496677966
999489267777867867
999489267778677786
999489267778678686
999489267786867867
999489268678677786
999942777786867867
999942777788847867
999942777788847966
999942777789749784
999942777796677867
999942777799647786
999942777799647966
999942777799649784
999942778678679784
999942778686777966
999942778686779784
999942778699647777
999942778699647867
999942786786778884
999942786786779784
999942786788849667
999942786789747786
999942786789748686
999942786789748884
999942786789749784
999942786797847786
999942786797848677
999942796677778884
999942796677869964
999942796686778884
999942796686779784
999942796688849667
999942796697847786
999942867778679784
999942867779668884
999942867799647786
999942867799647966
999942867799648686
999942867799648884
999942867799649784
999942868678679784
999942888478679784
999942888479667777
999942888479667786
999942897478678686
999942897478679784
999942897479667786
999942897496677786
999942897496678686
999942897496678884
999942897496679784
999942966778678686
999942966788847777
999942966788847786
999942966788847966
999942966789747786
999942966789747966
999942966789748686
999942966789748884
999942966789749784
999942966797847786
999942978479667786
999942978486777966
999942996477778677
999942996477867777
999942996486777786
999942996486777966
999942996486778686
999942996486778884
999942996486779784
999942996486867777
999942996486867786
999942996488847777
999942996488847786
24772827922468
28477278692679
28972226662774
28972227742666
28972228642774
42697242869227
42697292274286
42994242774286
42994242864277
42994242869227
44744746827922
44794246827427
44794849924488
46667799244884
46697496277827
46697496277926
46724744847922
46784748849924
46784799244884
46784799247926
46794696274884
46794696277827
46964749744884
46994446777827
46994446777926
46994478274884
46994479264884
48647746867926
48647779264677
48647779269627
48647799244686
48697246867926
48697299244686
48699699284897
48944746867926
48944779269627
48994246867926
48994278274686
48994278274884
48994279264884
64746926427742
64779924486792
64869924486792
66677477468844
66677488447746
66726924447742
66774688449744
66777928447746
66777928449744
66786928449744
66867928446774
66867928449744
66966928446774
66966928449744
66974477468844
66974488447746
68677286467746
68677288449744
68829924486792
68847926466774
68847926467746
68946926466774
68946926467746
68974277466774
68974286466774
68974286467746
68974288446774
77267748844974
77288446779924
77288446869924
77288449744686
77288449749627
77288496274974
77288499244677
77288499244686
77297448844677
77466667748844
77466697448844
77486486469744
77772697446864
77772697448844
77778699648686
77786777869784
77786786869784
77786786869964
77786799647786
77786799648884
77796696678884
77796699647786
77796699648884
77862697446864
77862697448844
77867778679964
77868678679964
77882466669744
77882486466774
77882486469744
77888478679667
77888478679964
77888479669667
77888479669964
77888496679784
77888499648677
77897478679667
77897479669667
77966788847867
77966789747867
77966797848974
77972466668844
77972468647746
77972468648646
77972488446666
77978479669964
77978499647786
77978499648884
77996477868677
77996486777867
77996486867867
77996486867966
77996488847966
79464667748844
79464668649744
79464688446774
79464688449744
79464697446864
79464697448844
79484466669744
79484467748646
79484486466774
79484486469744
79484497446666
79484497448646
79622466627742
79622477426662
79622477428642
79662667748844
79662668649744
79662688446774
79662688449744
79662697448844
79667788849784
79668689749667
79682466667746
79682466669744
79682467748646
79682486469744
79682497448646
79688486779964
79688496679784
79697477869784
79697486869784
79697488849784
79697497848677
79724774677782
79724774678682
79724777827467
79724786827467
79784779667786
79784779669784
79794696677786
79962928446774
79962928449744
79964778678974
79964778679784
79964799647786
79964799648686
79964799649784
79994477867867
79994478678677
79994479667786
79994479668677
79994486777867
79994486777966
79994496677786
82297242864277
82297242869227
82297292274286
84269744884992
84299444884497
84299444884992
84772867926468
84772867928448
86267748849924
86267799244884
86297446777827
86297446777926
86297448849627
86477468647746
86477477466864
86772668649744
86772688446774
86772688449744
86777799647786
86777799647867
86777799647966
86777799649784
86778699647966
86778699649784
86786777869784
86786797849667
86786799647777
86867778679964
86867799647777
86867799647867
86897479669667
86897496677867
86897496677966
86966789749784
86966797847867
86972468647746
86972477466864
86972488447746
86978478677786
86978489747867
86996486777786
88229744884497
88229744884992
88247746867926
88247779264677
88247779269627
88297246867926
88299648979928
88299649784897
88299699284897
88477266667746
88477266669744
88477268649744
88847779669667
88847779669964
88847796677966
88847799647867
88847799647966
88897278679667
88897278679964
88897279669667
88897279669964
88897296677966
88897299647777
88897299647867
88897299647966
88946777867867
88946779668974
88946786779784
88946797847867
88972266667746
88972268649744
88978279667786
88996286777786
88996286779784
88996289747786
88996289749784
88996297847777
88996297847786
97222244446622
97222246426424
97222264244642
97222266224444
97228244847922
97228246827427
97228246827922
97228274274682
97228279224484
97228279224682
97228844974488
97228849924488
97229744884497
97247746777827
97247746867827
97247746867926
97247778274677
97247778274686
97247779264677
97248646777827
97282246466824
97282248446626
97282266264844
97282268244646
97288246867926
97288278274677
97288279264677
97288849964978
97297246777827
97297246867926
97297849964888
97299648884978
97299649784897
97446688447746
97477266668844
97477267747746
97477268647746
97477288446666
97486267747746
97486267748646
97486277468844
97486288447746
97822264648642
97822266628444
97822284446662
97822286426464
97842668647746
97842688447746
97847778677786
97847778678686
97847796677867
97882267747746
97882268647746
97882288447746
97882297447746
97888277869667
97888299648677
97897296677867
97897296678884
97897299647786
97897299648686
97897299648884
97946777867966
97946778678677
97946778678686
97946779668677
97946786777867
97946786867867
97946786867966
97972267747746
97972268647746
97972288447746
97972297447746
97978289747786
97978289747966
97978299647966
97996278678686
97996286778884
97996286779784
97996288847786
97996289747786
97996289748686
97996289748884
97996297847786
97996297848677
99424867928448
99424884486792
99444667746864
99444668647746
99444677466864
99444688446774
99447966797849
99447978496679
99484268647746
99484867966778
99622867928448
99622884486792
99628274677782
99642667746864
99642668647746
99642668649744
99642688446774
99647777868677
99647778678686
99647779668884
99647779669784
99647786779784
99647786867777
99647788847966
99647797847966
99648677778686
99648677778884
99648678677786
99648678679784
99648686777786
99648686777966
99648686779784
99682268647746
99682867969748
99688277778686
99688277778884
99688278677786
99688278679784
99688279667786
99688279669784
99688286777786
99688286777966
99688286779784
99688289747786
99688289749784
99697278678686
99697286779784
99697286867777
99697288847777
99697288847966
99697289747966
99697289749784
99697297847786
99697297847966
99697897888996
99699689788897
99942926467746
99942966797849
99942978496679
99942996497849
99944779667786
99944779668884
99944779669784
99944786778884
99944786779784
99944786867777
99944796679784
99948926867777
99948926867786
99994286778884
99994286779784
99994289748686
2247722266
2247728279
2247729269
2297222266
2297228279
2447942468
2447948499
2477222662
2477288499
2647742864
2647747869
2647748679
2647749669
2677262864
2677269669
2697242864
2697247779
2697247869
2697248679
2847722666
2847722864
2847728679
2847729669
2847788899
2847962778
2847968899
2897227779
2897227869
2897228679
4264774286
4294474286
4466974488
4469944488
4479484497
4862974488
4869784897
4869964978
6267728246
6284792246
6294692246
6297428246
6467948448
6477428642
6477486792
6686797849
6696697849
6867966778
6867969748
6884799649
6894696679
6897426774
7722244642
7722246622
7722844682
7726264844
7726266824
7726774974
7728244646
7728246626
7729744677
7729744686
7742648642
7746668844
7747746666
7747746864
7772678484
7777867966
7777869784
7778679667
7782246662
7782248642
7782847467
7782847962
7786266774
7786266864
7786268844
7786779964
7786867966
7788247746
7789749667
7797247746
7797848974
7942446662
7942448642
7962248642
7966777786
7966778686
7966778974
7966779784
7966869784
7969748677
7972292444
7972297449
7972478484
7972892484
7978299649
7978899689
7996297849
7996478974
8224774286
8229724277
8247726266
8289729267
8297226266
8297228246
8299628277
8426974992
8429944497
8447946468
8474677782
8477226662
8477228642
8477888992
8479627782
8479688497
8479688992
8629749627
8672677782
8679667786
8679669667
8689747867
8697847786
8699647777
8699647786
8822974497
8822974992
8828974996
8829784897
8847966778
8847969748
8889788897
8889789797
8889968978
8889969968
8894678974
8897827786
8897888978
8897978978
8899627777
8899689788
8899689797
9722284448
9722286428
9722884488
9722974497
9724264844
9724266824
9728824677
9728884978
9728974996
9729784897
9729964897
9742628444
9742628642
9742688448
9747786796
9747966778
9747966868
9748628646
9748686796
9782286468
9782288448
9782827467
9782827962
9784777786
9784777966
9784778686
9784867966
9788286796
9788827966
9788889968
9789788897
9789788996
9789969968
9797888978
9797889968
9942486468
9942996499
9944792646
9948486778
9962286468
9962827782
9962888497
9962978488
9962978497
9964867786
9968286778
9968289748
9968827786
9968888996
9968978888
9968978996
9968979788
9969788897
9969788996
9969968888
9969968897
9969969788
9994897889
9999489788
222297
222477
222897
222972
222978
222996
224778
224796
228297
228477
228897
228972
228978
228996
229467
229728
229782
229788
229797
229962
229968
242697
242994
247467
247782
247788
247797
247962
247968
248697
248994
262677
262974
267267
267777
267786
267867
267966
268677
268974
269667
269784
269964
282297
282477
282897
282972
282978
282996
288297
288477
288897
288972
288978
288996
289467
289728
289782
289788
289797
289962
289968
424299
424479
424899
426297
426897
426978
426996
429429
429489
429948
429999
444699
447429
447489
447999
464679
467229
467289
467829
467889
467979
469629
469689
484299
484479
484899
486897
489429
489489
489948
489999
622299
622479
622899
626778
626796
628299
628899
629748
629799
642699
662679
682299
682479
682899
686778
688899
689748
689799
794679
796284
822297
822897
822978
822996
824778
824796
828297
828477
828897
828978
828996
829467
829728
829782
829788
829797
829968
847782
847797
848697
848994
884778
888297
888897
889728
972828
978288
978297
978897
979728
979968
994899
