7778678956788596679685
7778679685895678859667
7778858857796696859667
7778858857968579669667
7778858956786796859667
7778858956966796857867
7778858956968578679667
7778859685786789569667
7778859685796688579667
7778859685885779669667
7778859685895678679667
7779668857788596679685
7779668857966778859685
7779668857968596677885
7779669667788588579685
7779669667788596858857
7779669685885778859667
7779669685885796677885
7779669685966778858857
7796858857788579669667
7796858857796696677885
7966868857788596679685
7966868857966778859685
7966868857968596677885
7968579667788596858956
7968579667895678859685
7968579685966778858956
7968579685966789567885
7969568857778696858677
7969568857788596678686
7969568857788596679685
7969568857966778859685
7969568857968596677885
7969569667788596858857
7969569667968588577885
7969569685885778859667
7969569685966777868857
7969569685966778858857
7969569685966788577786
8857777966788596679685
8857777966966778859685
8857777966968596677885
8857779667788579669685
8857779667788596857966
8857779685796678859667
8857779685796696677885
8857779685966778857966
8857867966966778859685
8857867966968596677885
8858677786796696859667
8858677966867778859685
8858677966968577779667
8858679667788596857966
8858679685796678859667
8858679685966778857966
8858857777966779669685
8858857777968596677966
8858857966968596677786
8858859667778679669685
8858859667796696857777
8858859667796696857786
8858859685777796677966
8858859685796696677786
8859667867867778859685
8859667885966796857867
8859667885968578679667
8859669685777796677885
8859669685966777867867
686796857885966778
686796859667788578
777867778689569685
777867778696858956
777867895678859685
777867895696679685
777867895696859667
777867968589569667
777885786789569667
777885796688579667
777885885779669667
777885885796859667
777885895678679667
777885895696859667
777885966796857867
777885966796858857
777885968578679667
777885968579669667
777885968588579667
777885968589569667
777966788588579685
777966788596858857
777966885777869685
777966885778859685
777966966788579685
777966968588577786
777966968596678857
778857796696858677
778857796696859667
778857968579669667
778956786796858677
778956786796859667
778956966796857867
778956968578679667
778956968586777867
779667788596858857
779685786789569667
779685796696678857
779685885778859667
779685885779667885
779685885779668677
779685895678677885
779685895678857867
779685895678859667
779685895686777867
779685895696677885
779685966778858857
796677778696858857
796677788588579685
796677788596858857
796677968588577885
796686885778859685
796857778696858677
796857788596678686
796857788596679685
796857895677869685
796857895678859685
796857966778858956
796857968586778956
796857968589568677
796956788596678686
796956788596679685
796956885777868677
796956885777869667
796956885778858677
796956885778859685
796956885796858677
796956966777868857
796956966778858857
796956966788577786
796956968586778857
796956968588577786
796956968588578677
867777885779669685
867777895678679685
867867788589569667
867867788596678956
867867895677779685
867867895677869685
867885885779669667
867885895696677867
867885966778678956
867966777788579685
867966788596678857
867966885777869685
867966966778858857
867966966788579685
867966968596678857
869667786796857885
869667788578679685
869667885796857885
885777788579669685
885777788596857966
885777796677869685
885777796678859685
885777796686779685
885777796696857786
885777796696858677
885777966779669685
885777968586777966
885777968596677966
885786796678859667
885786796678859685
885786966778857966
885786968579667777
885786968579667885
885786968586777966
885867778679669667
885867778696857966
885867788579669685
885867788596857966
885867796686777786
885867796686779685
885867796696857786
885867796696858677
885867796696859667
885867867778859685
885867966778857966
885867968579667777
885867968586777966
885867968596677966
885885778696677966
885885786777869667
885885796677779685
885885796677869685
885885796696677786
885885966777867867
885885966796857777
885885966796857867
885885966796857966
885885968578677786
885885968578679667
885885968579667777
885885968579667786
885966777796857867
885966778696857867
885966786796857777
885966786796858677
885966786796859667
885966788578679667
885966867778859685
885966966777867867
885966966778859685
885966968578677786
885966968596677885
958578677885966796
958578679667788596
68677868958596
68677885968578
68679667788578
68857867968596
68859685786796
68859695686778
77778689569685
77778696857966
77778696858956
77786796859667
77788578679667
77788579669667
77788588579667
77796688578686
77868678678956
77868679668857
77885779668677
77885779669667
77885786867966
77885796858677
77885796859667
77895678678677
77895678678686
77895678679667
77895686777867
77895696859667
77966778858857
77968579668857
77968586777867
77968586778857
77968596678857
79667777868857
79667788578686
79667788579685
79668688577786
79668688578677
79685777868677
79685777869667
79685778858677
79685778859685
79685786778956
79685789569685
79695677869685
79695678858677
79695678859685
79695686778857
86777788579685
86777789569685
86777796858956
86786777868956
86786777869685
86786789569685
86786796858956
86788596677966
86788596678857
86788596678956
86796677779685
86796677869685
86796678858857
86796688577885
86796688579685
86796696858857
86885779667777
86885779668677
86885779669667
86895686777867
86895696677867
86966778858857
86966796857885
86968577778857
86968578677885
86968586777867
86968586778857
88578678859667
88578678859685
88578679667777
88578686777966
88578696677966
88578696857777
88586777869667
88586779669667
88586796677966
88586796857777
88588577869685
88588578679667
88588586777966
88588596857786
88596677867867
88596678679667
88596686777786
88596686779685
88596696857786
88596696858677
95677867968578
95677868958596
95679685786778
95857885966796
95859667786796
95859695686778
99697897888996
99699689788897
5756855667
5777885968
5786885968
5969585788
6666756855
6667566675
6667567575
6667568556
6668558556
6675666756
6675756756
6675756855
6677796859
6686796859
6696696859
6855666675
6855667575
6858696679
6867788578
6867789595
6868958596
6885966778
6895686778
6895956778
7567566675
7568556666
7568556675
7568558556
7575666756
7585566756
7777867966
7778678686
7778679667
7786777867
7788578677
7788579667
7796678857
7966778686
7968578686
7978899689
8677868956
8677869685
8686777867
8686778857
8689567777
8689567867
8696857885
8696858857
8857867777
8889788897
8889789797
8889968978
8889969968
8897888978
8897978978
8899689788
8899689797
9567788596
9568688596
9568958596
9585966796
9585966868
9595686778
9788889968
9789788897
9789788996
9789969968
9797888978
9797889968
9968888996
9968978888
9968978996
9968979788
9969788897
9969788996
9969968888
9969968897
9969969788
556668
556758
557568
558558
575667
577968
578958
595689
596688
667869
668556
668859
685575
685779
688899
689799
756666
756675
799689
888897
978897
979968
