[7, 9, 7, 8, 8, 9, 2, 6, 8, 6, 7, 8, 6, 7, 9, 6, 6, 7]
[8, 8, 9, 7, 8, 2, 7, 7, 7, 7, 9, 6, 6, 7, 7, 9, 6, 6]
[8, 8, 9, 7, 8, 2, 7, 9, 6, 6, 9, 6, 6, 7, 7, 7, 8, 6]
[8, 8, 9, 9, 6, 2, 7, 9, 6, 6, 8, 6, 7, 7, 7, 7, 8, 6]
[9, 7, 8, 9, 7, 2, 7, 7, 8, 6, 9, 6, 6, 7, 7, 8, 6, 7]
[9, 7, 9, 9, 6, 2, 7, 7, 8, 6, 8, 6, 7, 7, 7, 8, 6, 7]
[9, 7, 9, 9, 6, 2, 8, 6, 8, 6, 7, 8, 6, 7, 7, 7, 8, 6]
[9, 9, 6, 8, 8, 2, 7, 9, 6, 6, 7, 7, 7, 7, 8, 6, 8, 6]
[9, 9, 6, 8, 8, 2, 8, 6, 7, 7, 7, 8, 6, 7, 7, 7, 8, 6]
[9, 9, 6, 9, 7, 2, 8, 6, 7, 7, 7, 8, 6, 7, 8, 6, 8, 6]
[8, 8, 2, 9, 7, 2, 7, 8, 2, 7, 9, 6, 2, 7]
[8, 8, 2, 9, 7, 2, 7, 9, 2, 6, 9, 6, 2, 7]
[8, 8, 8, 9, 7, 2, 7, 8, 6, 7, 9, 6, 6, 7]
[8, 8, 8, 9, 7, 2, 7, 9, 6, 6, 9, 6, 6, 7]
[8, 8, 8, 9, 7, 2, 9, 6, 6, 7, 7, 9, 6, 6]
[8, 8, 9, 7, 8, 2, 7, 9, 6, 6, 7, 7, 7, 7]
[8, 8, 9, 7, 8, 2, 7, 9, 6, 6, 7, 7, 8, 6]
[8, 8, 9, 7, 8, 2, 8, 6, 7, 7, 7, 9, 6, 6]
[8, 8, 9, 9, 6, 2, 7, 7, 8, 6, 7, 8, 6, 7]
[8, 8, 9, 9, 6, 2, 7, 7, 8, 6, 7, 9, 6, 6]
[8, 8, 9, 9, 6, 2, 7, 8, 6, 7, 8, 6, 7, 7]
[8, 8, 9, 9, 6, 2, 8, 6, 7, 7, 7, 7, 8, 6]
[9, 7, 8, 8, 8, 2, 7, 7, 8, 6, 9, 6, 6, 7]
[9, 7, 8, 8, 8, 2, 7, 8, 6, 7, 7, 7, 8, 6]
[9, 7, 8, 9, 7, 2, 7, 8, 6, 7, 7, 7, 8, 6]
[9, 7, 8, 9, 7, 2, 7, 8, 6, 7, 8, 6, 8, 6]
[9, 7, 8, 9, 7, 2, 9, 6, 6, 7, 7, 8, 6, 7]
[9, 7, 9, 9, 6, 2, 7, 7, 8, 6, 7, 8, 6, 7]
[9, 7, 9, 9, 6, 2, 7, 7, 8, 6, 7, 9, 6, 6]
[9, 7, 9, 9, 6, 2, 7, 8, 6, 7, 8, 6, 7, 7]
[9, 7, 9, 9, 6, 2, 7, 8, 6, 7, 8, 6, 8, 6]
[9, 7, 9, 9, 6, 2, 7, 9, 6, 6, 8, 6, 7, 7]
[9, 7, 9, 9, 6, 2, 8, 6, 7, 7, 7, 8, 6, 7]
[9, 7, 9, 9, 6, 2, 8, 6, 8, 6, 7, 9, 6, 6]
[9, 9, 6, 8, 8, 2, 7, 7, 7, 7, 8, 6, 8, 6]
[9, 9, 6, 8, 8, 2, 7, 8, 6, 7, 7, 7, 8, 6]
[9, 9, 6, 8, 8, 2, 7, 9, 6, 6, 7, 7, 8, 6]
[9, 9, 6, 8, 8, 2, 8, 6, 7, 7, 7, 7, 8, 6]
[9, 9, 6, 8, 8, 2, 8, 6, 7, 7, 7, 9, 6, 6]
[9, 9, 6, 9, 7, 2, 7, 7, 8, 6, 7, 8, 6, 7]
[9, 9, 6, 9, 7, 2, 7, 7, 8, 6, 8, 6, 7, 7]
[9, 9, 6, 9, 7, 2, 7, 8, 6, 7, 8, 6, 7, 7]
[9, 9, 6, 9, 7, 2, 7, 8, 6, 7, 8, 6, 8, 6]
[9, 9, 6, 9, 7, 2, 7, 9, 6, 6, 8, 6, 7, 7]
[9, 9, 6, 9, 7, 2, 8, 6, 7, 7, 7, 9, 6, 6]
[9, 9, 6, 9, 7, 2, 8, 6, 8, 6, 7, 7, 7, 7]
[9, 9, 6, 9, 7, 2, 8, 6, 8, 6, 7, 8, 6, 7]
[9, 9, 6, 9, 7, 8, 9, 7, 8, 8, 8, 9, 9, 6]
[9, 9, 6, 9, 9, 6, 8, 9, 7, 8, 8, 8, 9, 7]
[2, 2, 9, 7, 2, 2, 2, 2, 6, 6]
[2, 2, 9, 7, 2, 2, 8, 2, 7, 9]
[2, 6, 7, 7, 2, 6, 9, 6, 6, 9]
[2, 8, 9, 7, 2, 2, 2, 6, 6, 6]
[2, 8, 9, 7, 2, 2, 7, 7, 7, 9]
[2, 8, 9, 7, 2, 2, 7, 8, 6, 9]
[2, 8, 9, 7, 2, 2, 8, 6, 7, 9]
[6, 8, 6, 7, 9, 6, 6, 7, 7, 8]
[7, 7, 7, 7, 8, 6, 7, 9, 6, 6]
[7, 7, 7, 8, 6, 7, 7, 7, 8, 6]
[7, 7, 7, 8, 6, 7, 8, 6, 8, 6]
[7, 7, 7, 8, 6, 7, 9, 6, 6, 7]
[7, 7, 7, 9, 6, 6, 9, 6, 6, 7]
[7, 7, 8, 6, 7, 7, 7, 8, 6, 7]
[7, 7, 8, 6, 8, 6, 7, 8, 6, 7]
[7, 7, 8, 6, 8, 6, 7, 9, 6, 6]
[7, 9, 6, 6, 7, 7, 7, 7, 8, 6]
[7, 9, 6, 6, 7, 7, 8, 6, 8, 6]
[7, 9, 7, 8, 8, 9, 9, 6, 8, 9]
[8, 2, 2, 9, 7, 2, 9, 2, 2, 7]
[8, 2, 8, 9, 7, 2, 9, 2, 6, 7]
[8, 2, 9, 7, 2, 2, 6, 2, 6, 6]
[8, 2, 9, 9, 6, 2, 8, 2, 7, 7]
[8, 6, 2, 6, 7, 7, 7, 8, 2, 7]
[8, 6, 7, 2, 6, 7, 7, 7, 8, 2]
[8, 6, 7, 8, 6, 7, 7, 7, 8, 6]
[8, 6, 7, 9, 6, 6, 7, 7, 7, 7]
[8, 6, 7, 9, 6, 6, 7, 7, 8, 6]
[8, 6, 7, 9, 6, 6, 9, 6, 6, 7]
[8, 6, 8, 6, 7, 7, 7, 8, 6, 7]
[8, 6, 9, 6, 6, 7, 7, 8, 6, 7]
[8, 8, 2, 9, 7, 2, 9, 6, 2, 7]
[8, 8, 2, 9, 9, 6, 9, 9, 2, 8]
[8, 8, 8, 9, 7, 8, 8, 8, 9, 7]
[8, 8, 8, 9, 7, 8, 9, 7, 9, 7]
[8, 8, 8, 9, 9, 6, 8, 9, 7, 8]
[8, 8, 8, 9, 9, 6, 9, 9, 6, 8]
[8, 8, 9, 7, 2, 2, 6, 6, 6, 6]
[8, 8, 9, 7, 8, 2, 7, 7, 8, 6]
[8, 8, 9, 7, 8, 8, 8, 9, 7, 8]
[8, 8, 9, 7, 9, 7, 8, 9, 7, 8]
[8, 8, 9, 9, 6, 2, 7, 7, 7, 7]
[8, 8, 9, 9, 6, 8, 9, 7, 8, 8]
[8, 8, 9, 9, 6, 8, 9, 7, 9, 7]
[9, 7, 2, 2, 2, 2, 6, 6, 2, 2]
[9, 7, 2, 2, 8, 2, 7, 9, 2, 2]
[9, 7, 2, 8, 2, 2, 6, 6, 2, 6]
[9, 7, 2, 8, 8, 2, 7, 8, 2, 7]
[9, 7, 2, 8, 8, 2, 7, 9, 2, 6]
[9, 7, 2, 9, 7, 2, 7, 8, 2, 7]
[9, 7, 2, 9, 7, 2, 7, 9, 2, 6]
[9, 7, 8, 2, 2, 2, 6, 6, 6, 2]
[9, 7, 8, 2, 8, 2, 7, 9, 6, 2]
[9, 7, 8, 8, 2, 2, 6, 6, 6, 6]
[9, 7, 8, 8, 2, 8, 6, 7, 9, 6]
[9, 7, 8, 8, 8, 2, 7, 9, 6, 6]
[9, 7, 8, 8, 8, 2, 9, 6, 6, 7]
[9, 7, 8, 8, 8, 8, 9, 9, 6, 8]
[9, 7, 8, 9, 7, 2, 7, 9, 6, 6]
[9, 7, 8, 9, 7, 2, 8, 6, 8, 6]
[9, 7, 8, 9, 7, 8, 8, 8, 9, 7]
[9, 7, 8, 9, 7, 8, 8, 9, 9, 6]
[9, 7, 8, 9, 9, 6, 9, 9, 6, 8]
[9, 7, 9, 7, 2, 2, 6, 6, 6, 6]
[9, 7, 9, 7, 8, 2, 7, 7, 8, 6]
[9, 7, 9, 7, 8, 2, 7, 9, 6, 6]
[9, 7, 9, 7, 8, 8, 8, 9, 7, 8]
[9, 7, 9, 7, 8, 8, 9, 9, 6, 8]
[9, 9, 6, 2, 2, 2, 6, 6, 6, 2]
[9, 9, 6, 2, 2, 8, 6, 7, 9, 2]
[9, 9, 6, 2, 8, 2, 7, 7, 8, 2]
[9, 9, 6, 8, 2, 2, 6, 6, 6, 6]
[9, 9, 6, 8, 2, 8, 6, 7, 7, 8]
[9, 9, 6, 8, 2, 8, 6, 7, 9, 6]
[9, 9, 6, 8, 8, 2, 7, 7, 8, 6]
[9, 9, 6, 8, 8, 8, 8, 9, 9, 6]
[9, 9, 6, 8, 9, 7, 8, 8, 8, 8]
[9, 9, 6, 8, 9, 7, 8, 9, 9, 6]
[9, 9, 6, 8, 9, 7, 9, 7, 8, 8]
[9, 9, 6, 9, 7, 8, 8, 8, 9, 7]
[9, 9, 6, 9, 7, 8, 8, 9, 9, 6]
[9, 9, 6, 9, 9, 6, 8, 8, 8, 8]
[9, 9, 6, 9, 9, 6, 8, 8, 9, 7]
[9, 9, 6, 9, 9, 6, 9, 7, 8, 8]
[2, 2, 2, 2, 9, 7]
[2, 2, 2, 8, 9, 7]
[2, 2, 2, 9, 7, 2]
[2, 2, 2, 9, 7, 8]
[2, 2, 2, 9, 9, 6]
[2, 2, 8, 2, 9, 7]
[2, 2, 8, 8, 9, 7]
[2, 2, 8, 9, 7, 2]
[2, 2, 8, 9, 7, 8]
[2, 2, 8, 9, 9, 6]
[2, 2, 9, 7, 2, 8]
[2, 2, 9, 7, 8, 2]
[2, 2, 9, 7, 8, 8]
[2, 2, 9, 7, 9, 7]
[2, 2, 9, 9, 6, 2]
[2, 2, 9, 9, 6, 8]
[2, 6, 2, 6, 7, 7]
[2, 6, 7, 2, 6, 7]
[2, 6, 7, 7, 7, 7]
[2, 6, 7, 7, 8, 6]
[2, 6, 7, 8, 6, 7]
[2, 6, 7, 9, 6, 6]
[2, 6, 8, 6, 7, 7]
[2, 6, 9, 6, 6, 7]
[2, 8, 2, 2, 9, 7]
[2, 8, 2, 8, 9, 7]
[2, 8, 2, 9, 7, 2]
[2, 8, 2, 9, 7, 8]
[2, 8, 2, 9, 9, 6]
[2, 8, 8, 2, 9, 7]
[2, 8, 8, 8, 9, 7]
[2, 8, 8, 9, 7, 2]
[2, 8, 8, 9, 7, 8]
[2, 8, 8, 9, 9, 6]
[2, 8, 9, 7, 2, 8]
[2, 8, 9, 7, 8, 2]
[2, 8, 9, 7, 8, 8]
[2, 8, 9, 7, 9, 7]
[2, 8, 9, 9, 6, 2]
[2, 8, 9, 9, 6, 8]
[6, 2, 2, 2, 9, 9]
[6, 2, 2, 8, 9, 9]
[6, 2, 6, 7, 7, 2]
[6, 2, 6, 7, 7, 8]
[6, 2, 6, 7, 9, 6]
[6, 2, 8, 2, 9, 9]
[6, 2, 8, 8, 9, 9]
[6, 2, 9, 7, 9, 9]
[6, 6, 2, 6, 7, 9]
[6, 6, 7, 2, 6, 9]
[6, 6, 7, 7, 7, 9]
[6, 6, 7, 8, 6, 9]
[6, 6, 8, 6, 7, 9]
[6, 6, 9, 6, 6, 9]
[6, 8, 2, 2, 9, 9]
[6, 8, 2, 8, 9, 9]
[6, 8, 6, 7, 7, 2]
[6, 8, 6, 7, 7, 8]
[6, 8, 8, 2, 9, 9]
[6, 8, 8, 8, 9, 9]
[6, 8, 9, 7, 9, 9]
[7, 7, 2, 6, 2, 6]
[7, 7, 2, 6, 7, 7]
[7, 7, 2, 6, 8, 6]
[7, 7, 7, 2, 6, 7]
[7, 7, 7, 7, 2, 6]
[7, 7, 8, 6, 2, 6]
[7, 7, 9, 6, 6, 7]
[7, 9, 6, 6, 2, 6]
[7, 9, 6, 6, 8, 6]
[7, 9, 7, 2, 2, 9]
[7, 9, 7, 2, 8, 9]
[7, 9, 7, 8, 2, 9]
[7, 9, 9, 6, 2, 9]
[7, 9, 9, 6, 8, 9]
[8, 2, 2, 2, 9, 7]
[8, 2, 2, 8, 9, 7]
[8, 2, 2, 9, 7, 8]
[8, 2, 2, 9, 9, 6]
[8, 2, 8, 2, 9, 7]
[8, 2, 8, 8, 9, 7]
[8, 2, 8, 9, 7, 8]
[8, 2, 8, 9, 9, 6]
[8, 2, 9, 7, 2, 8]
[8, 2, 9, 7, 8, 2]
[8, 2, 9, 7, 8, 8]
[8, 2, 9, 7, 9, 7]
[8, 2, 9, 9, 6, 8]
[8, 6, 7, 7, 2, 6]
[8, 6, 7, 7, 7, 7]
[8, 6, 7, 7, 8, 6]
[8, 8, 2, 2, 9, 7]
[8, 8, 2, 8, 9, 7]
[8, 8, 2, 9, 7, 8]
[8, 8, 8, 2, 9, 7]
[8, 8, 8, 8, 9, 7]
[8, 8, 9, 7, 2, 8]
[9, 7, 2, 2, 2, 8]
[9, 7, 2, 2, 8, 8]
[9, 7, 2, 2, 9, 7]
[9, 7, 2, 8, 2, 8]
[9, 7, 2, 8, 8, 8]
[9, 7, 2, 8, 9, 7]
[9, 7, 2, 9, 7, 8]
[9, 7, 2, 9, 9, 6]
[9, 7, 8, 2, 2, 8]
[9, 7, 8, 2, 8, 8]
[9, 7, 8, 2, 9, 7]
[9, 7, 8, 8, 9, 7]
[9, 7, 9, 7, 2, 8]
[9, 7, 9, 9, 6, 8]
[9, 9, 6, 2, 8, 8]
[9, 9, 6, 2, 9, 7]
